$ANSIBLE_VAULT;1.1;AES256
66353661623166383039363433386164303134363864626630613734363062343931363164386264
6336656363626434363365353034333566626338323435630a316663396238343964633336326337
35616163366432316265633832343532656234396230613637323531343935643365623031333466
3536316661333461340a616134376235626132336530666633613233666331353731356636643534
65616162613766333534653738333936663735366464373932323666396334303938663566643564
64303766623261373934313431326663386365626234623034393337393139303235356132666234
63303863333862656366326132656432383761393063373833656530306532333364373233373465
31366666303266643430353163323238633061623965623131366461383862343135383165383064
61623235353764333737646639653765333232353165373666633630316338396634323138333332
35623631653665393630316339653139336334303265643332323166346137356634363162363664
33646239663161616231653666653833306561656132333639626561383465633032353330663264
65326236373737323136343330383164623766653361613934366335323931633136316233633233
62366561626163653639616138373930393665373639303736643565643133363936383938363231
38616363626534383861333034613463343533366438663131366562313164386233333264346165
33393862393732396531333563393133653736303332633561386438303236636464613235663936
39333465633765623738303637623232323234313932356161393662616535633230346565323265
62643634343237386161323430633964373739636630343832393461666565316436633861613638
32623530333061613538383238373235333062366465386261376435323135333132396430666366
61346135663733616632613238313939313335313735386433363063326639656230366131363162
32323338626530373036663266316263343730363334323165383665303861326634666464623837
35633964653530313966616433306233343266613431643862373830636463363131383130336366
65666663666662323230306532383235643935353232653430323465383361326130336162306136
37383033376434333034336134613766336336303838663063623834373138393461646535353164
36653032356531626234353162343233666135643332613339613862653561343337353931653239
36646532326561373835363063633539653933653561346131333365646561376430326465376261
35626263616138333062646533643430343237623262623131663463333337333335396234623564
61393632366163366163306330643339303062363134616363376333366435303134346339323334
31326335633965643265
