$ANSIBLE_VAULT;1.1;AES256
35613632626463653335636261616665316231363831373836363130323163393238323535323633
6664303239336161623135366433313762373066646235620a613835313365393432303331653838
32346663353062356339613836336634623166663666333937383365623763346433393630613761
6530653538623939390a656439373839376632316161343131363064366566653762626535353334
39393830363637313333366362656665656564613438323934343439313130633663313136323162
30646233383366633732623264343964613762313539393462633535366463326665363236373762
61376431616464303133353261396236383532323731333538616131323735313464663038616663
31353065386362346639396434393535353661653835353361323238656631353834626164643332
37303937323938626236636133356538396262633866663133646333393834323037323333646132
31323364643464613033666338633562626334636434616166366661636130613162383737616532
63316335353231393733663561313237363663623737626363363436653231646264663261663138
64323165343534383336616165616361666266376237653364636565643466313262323336643530
31373734633263313133616534666136326432343565333561376436356637333665383336383363
30613834313939373863666438353734303636326132616564656437613965616264643533306538
34353031643933633431376562316237343463646536386265653762663039666665373234643265
37383935323662636432613466363136653363303433623266626162303539633863386363386430
30616535653433333138366235643230316662616636306233653366333232303163663236363936
64656466316465633836393364383137393465333230343663376639333331633661623630363536
37343834383536343262343666633664356463666362303635643866373562366262316465306138
36353832393534353164623530353537656562613866326137376438626666613037373836663965
66366265313638663266346531346563643937653537343934626338643537656237356665376134
61313364303537363131363562356663663938356262333431306236623031626164396434306539
39306163343561323434376531393065353437666135643836323431326534336430373565323266
61316339306438373563303636393532323135316533666666623365353463376166366633316237
66613162373362313462376338303433363363646231346434333331376263356331343164376561
39653562323532656265636135663334643235306362316266616161313362303036373461383830
626337303931313766313365656135353861
